18745 0
-835 -23836
-322 20863
-266 -29839
-281 -22325
-235 -17909
-272 -14906
-268 -12747
-288 -11149
-289 -9947
-266 -8952
-262 -8130
-278 -7441
-261 -6896
-274 -6378
-271 -5960
-279 -5579
-275 -5263
-270 -4964
-272 -4716
-275 -4463
-276 -4267
-274 -4064
-273 -3890
-275 -3719
-274 -3578
-272 -3437
-271 -3308
-274 -3187
-272 -3086
-275 -2974
-269 -2877
-275 -2783
-277 -2705
-276 -2624
-274 -2555
-276 -2477
-273 -2418
-277 -2348
-273 -2286
-275 -2225
-272 -2178
-271 -2125
-272 -2072
-276 -2023
-273 -1981
-275 -1936
-270 -1893
-275 -1851
-273 -1818
-274 -1778
-272 -1745
-274 -1706
-274 -1678
-273 -1647
-271 -1615
-275 -1582
-272 -1560
-274 -1529
-272 -1501
-276 -1475
-274 -1452
-274 -1426
-275 -1407
-274 -1379
-277 -1362
-276 -1340
-277 -1321
-276 -1298
-277 -1283
-275 -1263
-274 -1243
-275 -1223
-276 -1210
-276 -1194
-273 -1176
-272 -1159
-274 -1146
-275 -1128
-275 -1115
-275 -1098
-276 -1087
-274 -1073
-274 -1059
-275 -1045
-275 -1031
-274 -1020
-274 -1010
-274 -993
-271 -985
-272 -972
-274 -962
-274 -950
-275 -940
-274 -930
-270 -918
-276 -906
-273 -895
-275 -890
-275 -880
-275 -869
-273 -864
-273 -852
-271 -844
-275 -833
-273 -826
-272 -818
-272 -809
-275 -801
-272 -795
-273 -785
-271 -776
-276 -768
-272 -763
-274 -755
-274 -751
-273 -740
-273 -735
-274 -728
-275 -721
-275 -714
-274 -709
-274 -702
-271 -695
-275 -688
-272 -683
-275 -677
-274 -672
-276 -664
-275 -659
-274 -652
-274 -648
-277 -641
-279 -641
-275 -634
-274 -629
-275 -622
-272 -618
-275 -614
-277 -606
-275 -602
-272 -599
-276 -592
-273 -586
-277 -581
-274 -579
-275 -575
-276 -573
-275 -568
-274 -560
-274 -558
-277 -552
-274 -549
-273 -546
-274 -538
-276 -536
-275 -535
-271 -531
-273 -524
-270 -521
-273 -513
-275 -508
-276 -509
-274 -509
-274 -501
-272 -500
-274 -494
-276 -489
-275 -486
-272 -483
-273 -482
-272 -477
-272 -473
-271 -474
-276 -466
-272 -467
-275 -459
-270 -458
-272 -453
-276 -455
-273 -446
-273 -449
-275 -443
-272 -440
-273 -436
-272 -432
-275 -431
-273 -430
-273 -423
-271 -425
-274 -419
-273 -414
-272 -412
-276 -412
-274 -407
-273 -407
-274 -401
-274 -400
-275 -400
-274 -395
-275 -390
-277 -390
-273 -388
-272 -386
-275 -380
-273 -381
-273 -378
-275 -374
-273 -372
-275 -369
-274 -369
-273 -366
-274 -364
-273 -362
-273 -360
-272 -357
-273 -354
-272 -353
-272 -348
-272 -348
-276 -344
-273 -343
-272 -339
-274 -339
-274 -336
-272 -336
-274 -332
-271 -331
-272 -328
-271 -327
-275 -324
-272 -322
-273 -317
-272 -318
-273 -317
-273 -316
-275 -310
-267 -312
-275 -308
-274 -306
-272 -303
-274 -302
-274 -300
-275 -300
-274 -295
-273 -298
-274 -293
-275 -292
-275 -289
-274 -292
-273 -289
-273 -282
-274 -284
-273 -287
-276 -279
-269 -279
-273 -274
-276 -275
-273 -274
-276 -271
-278 -268
-276 -275
-277 -269
-272 -258
-279 -257
-274 -260
-269 -263
-267 -258
-280 -253
-283 -263
-274 -256
-275 -258
-269 -244
-270 -256
-272 -247
-279 -242
-268 -240
-285 -244
-277 -245
-267 -236
-278 -233
-271 -239
-278 -232
-276 -237
-284 -237
-270 -235
-267 -228
-277 -221
-272 -221
-285 -225
-274 -230
-279 -222
-275 -230
-265 -219
-274 -219
-276 -211
-273 -222
-282 -211
-275 -213
-275 -213
-271 -210
-278 -208
-275 -204
-283 -209
-274 -213
-273 -205
-274 -203
-276 -201
-273 -202
-278 -198
-276 -199
-276 -199
-272 -196
-273 -194
-275 -193
-274 -196
-274 -191
-274 -186
-275 -189
-276 -186
-273 -186
-275 -183
-274 -183
-276 -182
-275 -181
-273 -178
-275 -177
-275 -179
-273 -175
-274 -174
-276 -175
-274 -176
-274 -171
-276 -170
-275 -167
-275 -167
-275 -168
-274 -166
-275 -162
-274 -166
-272 -162
-274 -162
-274 -161
-275 -160
-273 -158
-276 -156
-274 -156
-274 -154
-272 -153
-275 -152
-274 -150
-274 -149
-274 -150
-278 -147
-274 -148
-275 -144
-277 -145
-275 -145
-275 -142
-276 -141
-276 -142
-275 -138
-276 -138
-274 -138
-274 -137
-274 -136
-273 -133
-273 -131
-274 -131
-275 -127
-274 -130
-272 -130
-274 -128
-272 -127
-275 -126
-273 -123
-276 -124
-275 -121
-274 -122
-271 -120
-274 -120
-274 -116
-273 -118
-276 -116
-275 -114
-274 -114
-276 -114
-276 -111
-275 -112
-274 -111
-274 -109
-273 -108
-274 -107
-274 -107
-274 -107
-274 -106
-275 -104
-273 -104
-274 -101
-275 -103
-274 -100
-275 -99
-274 -99
-276 -98
-273 -94
-275 -96
-275 -95
-273 -93
-274 -93
-275 -93
-275 -91
-271 -91
-275 -89
-273 -87
-275 -87
-276 -85
-272 -86
-275 -85
-271 -83
-275 -81
-273 -80
-277 -81
-274 -81
-273 -80
-271 -78
-273 -77
-275 -73
-275 -75
-277 -75
-274 -76
-270 -73
-271 -71
-274 -67
-275 -67
-275 -70
-275 -70
-270 -69
-269 -64
-274 -65
-275 -60
-273 -60
-276 -62
-274 -61
-269 -62
-274 -59
-270 -60
-275 -57
-271 -58
-270 -54
-275 -54
-273 -52
-274 -54
-276 -49
-272 -54
-276 -50
-273 -44
-274 -46
-275 -48
-275 -50
-271 -46
-271 -41
-273 -44
-276 -42
-281 -41
-273 -45
-279 -46
-272 -38
-275 -37
-273 -39
-275 -34
-276 -37
-280 -38
-273 -35
-277 -34
-276 -34
-280 -33
-272 -25
-279 -32
-276 -32
-273 -30
-273 -28
-275 -27
-277 -26
-274 -28
-274 -30
-275 -22
-273 -24
-278 -23
-274 -23
-276 -23
-275 -23
-274 -17
-274 -19
-273 -12
-273 -17
-271 -17
-274 -14
-278 -13
-274 -15
-275 -15
-277 -10
-271 -9
-273 -8
-276 -8
-272 -8
-274 -5
-273 -5
-274 -4
-274 -2
-271 -2
-273 -3
130 -4
-271 0
130 3
-274 2
-275 2
-274 2
-272 4
-275 6
-275 4
-273 6
-274 9
-277 6
-277 9
-277 10
-271 7
-277 13
-274 15
-274 14
-270 16
-275 13
-275 16
-275 14
-275 14
-277 19
-278 18
-274 22
-273 19
-273 20
-276 21
-277 28
-275 23
-277 21
-272 24
-273 26
-274 24
-277 29
-274 26
-274 24
-276 27
-276 31
-273 34
-274 33
-277 33
-276 34
-275 32
-273 34
-272 36
-272 37
-275 46
-272 42
-282 41
-275 39
-273 44
-273 43
-275 48
-274 46
-280 48
-276 47
-279 45
-273 50
-277 50
-272 48
-277 55
-273 52
-278 54
-271 52
-278 57
-275 55
-276 54
-273 55
-274 58
-276 60
-277 59
-272 58
-277 63
-273 63
-272 63
-273 66
-277 67
-276 65
-274 65
-274 67
-275 68
-273 70
-277 74
-276 74
-282 74
-276 71
-275 73
-275 74
-274 74
-277 80
-277 77
-273 77
-276 79
-273 81
-277 81
-275 85
-276 84
-276 83
-275 87
-278 86
-274 89
-276 87
-274 88
-276 90
-278 91
-277 93
-275 92
-276 92
-275 96
-274 96
-276 97
-275 97
-277 100
-275 98
-274 100
-274 101
-276 102
-275 103
-276 104
-274 105
-275 106
-275 107
-274 108
-276 109
-275 108
-276 110
-273 113
-275 113
-274 116
-277 117
-274 115
-273 118
-274 120
-276 121
-277 122
-276 121
-276 121
-278 123
-274 125
-276 125
-275 128
-275 127
-276 127
-274 128
-275 128
-276 132
-277 132
-276 135
-277 134
-275 137
-276 135
-277 136
-276 135
-275 139
-276 143
-278 142
-276 140
-276 143
-274 144
-274 147
-274 147
-277 148
-276 150
-273 150
-277 152
-277 153
-275 154
-274 155
-277 156
-276 159
-275 156
-274 160
-277 159
-273 161
-275 162
-275 164
-277 163
-275 166
-273 166
-274 167
-276 170
-276 170
-275 169
-273 173
-279 173
-276 176
-276 177
-275 180
-275 176
-275 180
-274 183
-273 183
-275 185
-277 184
-276 189
-273 188
-277 187
-274 191
-275 192
-272 193
-272 191
-276 197
-275 193
-276 197
-275 198
-272 201
-272 201
-274 209
-276 203
-277 204
-272 207
-273 209
-270 211
-273 213
-273 220
-274 219
-287 212
-275 213
-265 219
-275 225
-277 220
-277 224
-284 218
-273 219
-277 221
-271 231
-278 242
-285 233
-292 230
-276 233
-269 230
-278 232
-271 233
-278 242
-286 241
-270 237
-289 241
-274 245
-281 247
-269 244
-277 245
-277 253
-278 258
-281 251
-278 261
-275 256
-276 261
-278 256
-279 263
-276 262
-280 267
-275 265
-278 274
-277 271
-278 275
-273 274
-279 281
-276 278
-274 279
-277 283
-277 284
-276 284
-277 285
-276 288
-279 295
-275 290
-274 295
-277 296
-276 302
-275 298
-278 300
-274 302
-277 307
-275 306
-278 312
-277 309
-276 315
-276 314
-277 318
-277 318
-275 323
-277 321
-277 324
-277 324
-277 330
-276 331
-278 331
-275 334
-276 338
-275 341
-278 343
-278 343
-276 347
-277 348
-277 348
-274 351
-276 352
-278 357
-278 358
-275 359
-277 367
-278 363
-280 368
-275 370
-280 370
-277 377
-279 378
-279 377
-277 381
-277 384
-281 386
-277 387
-278 393
-278 393
-277 395
-276 398
-276 405
-278 404
-279 407
-272 409
-278 415
-279 416
-275 421
-276 420
-279 429
-278 429
-278 428
-275 432
-277 437
-279 438
-278 445
-279 444
-281 449
-278 451
-280 454
-276 457
-278 462
-278 461
-279 467
-276 470
-276 475
-279 478
-280 481
-278 483
-277 487
-277 489
-279 496
-275 498
-278 505
-279 503
-279 506
-275 511
-277 518
-279 523
-277 525
-278 532
-281 532
-280 537
-279 539
-277 545
-278 549
-279 551
-278 559
-279 562
-279 568
-279 570
-278 574
-279 578
-276 582
-277 587
-279 597
-279 599
-282 605
-280 607
-279 612
-277 617
-276 622
-277 629
-284 635
-279 635
-275 643
-276 650
-277 657
-276 663
-277 671
-277 673
-279 681
-278 683
-276 692
-279 698
-280 705
-277 708
-277 720
-277 726
-279 731
-278 737
-280 748
-278 752
-278 758
-279 765
-280 775
-279 782
-279 791
-280 795
-278 807
-280 814
-282 822
-279 830
-279 840
-280 848
-280 858
-280 866
-280 874
-278 884
-279 890
-279 902
-275 914
-279 924
-281 936
-278 943
-281 954
-279 970
-280 979
-279 990
-278 1004
-282 1014
-281 1026
-280 1040
-281 1051
-283 1066
-282 1080
-279 1094
-282 1110
-282 1121
-282 1139
-281 1152
-282 1171
-283 1186
-282 1203
-280 1215
-281 1237
-279 1257
-282 1275
-279 1291
-283 1313
-280 1332
-280 1354
-275 1375
-278 1401
-280 1424
-281 1451
-281 1470
-281 1499
-279 1524
-282 1552
-281 1575
-282 1612
-284 1641
-286 1671
-282 1702
-285 1739
-281 1772
-284 1812
-279 1844
-282 1889
-285 1927
-284 1976
-284 2016
-286 2069
-283 2116
-287 2167
-284 2218
-284 2279
-285 2338
-287 2406
-284 2468
-286 2543
-283 2611
-283 2695
-276 2777
-280 2870
-285 2968
-283 3073
-282 3177
-286 3303
-284 3431
-289 3569
-283 3706
-289 3880
-290 4056
-291 4246
-289 4452
-298 4699
-286 4948
-294 5244
-281 5569
-294 5950
-291 6366
-292 6878
-296 7419
-290 8122
-293 8930
-301 9927
-291 11133
-321 12767
-294 14864
-321 17854
-289 22299
-353 29779
-338 -20928
-919 23697
18199 0
-834 -23836
-322 20862
-265 -29838
-280 -22324
-236 -17908
-273 -14907
-269 -12747
-288 -11150
-288 -9948
-267 -8953
-263 -8130
-278 -7442
-262 -6896
-274 -6378
-269 -5960
-277 -5579
-274 -5264
-271 -4964
-272 -4715
-275 -4465
-275 -4268
-275 -4064
-272 -3891
-273 -3719
-272 -3578
-272 -3438
-271 -3308
-273 -3186
-272 -3086
-276 -2974
-269 -2876
-275 -2784
-278 -2706
-275 -2625
-274 -2555
-277 -2477
-273 -2417
-277 -2349
-274 -2287
-276 -2226
-272 -2178
-272 -2125
-271 -2072
-274 -2024
-273 -1981
-274 -1936
-270 -1892
-274 -1851
-274 -1819
-273 -1778
-273 -1745
-274 -1706
-274 -1678
-272 -1646
-272 -1614
-276 -1582
-271 -1559
-275 -1529
-274 -1502
-276 -1476
-275 -1453
-274 -1427
-274 -1406
-274 -1378
-278 -1362
-276 -1340
-277 -1322
-275 -1299
-276 -1284
-273 -1261
-274 -1244
-275 -1222
-275 -1210
-275 -1194
-274 -1176
-272 -1157
-274 -1147
-275 -1128
-273 -1115
-275 -1097
-275 -1088
-275 -1072
-277 -1060
-274 -1046
-276 -1032
-273 -1020
-273 -1011
-274 -994
-273 -985
-272 -971
-274 -963
-273 -949
-274 -941
-273 -929
-270 -918
-275 -905
-276 -894
-274 -890
-275 -880
-275 -871
-271 -862
-273 -853
-271 -842
-274 -834
-274 -827
-271 -815
-273 -810
-272 -803
-273 -794
-272 -785
-272 -776
-276 -770
-273 -763
-275 -756
-274 -751
-273 -739
-273 -735
-273 -728
-275 -721
-273 -714
-273 -709
-274 -702
-272 -694
-274 -687
-273 -683
-274 -679
-272 -671
-274 -663
-275 -660
-276 -652
-276 -649
-278 -643
-275 -642
-274 -632
-273 -627
-273 -622
-274 -618
-275 -614
-277 -607
-274 -603
-273 -599
-275 -592
-276 -585
-277 -584
-273 -578
-274 -574
-275 -573
-271 -566
-276 -562
-274 -556
-277 -556
-272 -549
-272 -546
-276 -538
-278 -539
-272 -534
-272 -528
-274 -523
-270 -517
-274 -512
-279 -509
-276 -513
-272 -507
-275 -500
-271 -497
-275 -495
-277 -491
-276 -487
-275 -484
-273 -480
-272 -477
-273 -472
-271 -470
-274 -468
-269 -465
-273 -460
-273 -455
-274 -454
-272 -455
-273 -448
-271 -448
-274 -443
-272 -439
-273 -434
-275 -433
-273 -432
-270 -429
-274 -423
-270 -421
-273 -420
-275 -415
-274 -409
-274 -412
-273 -408
-274 -404
-274 -400
-275 -400
-273 -399
-272 -395
-274 -391
-276 -392
-273 -387
-273 -382
-277 -383
-272 -380
-273 -377
-273 -376
-271 -370
-275 -371
-273 -367
-275 -365
-273 -363
-274 -362
-273 -359
-275 -355
-273 -354
-274 -352
-274 -350
-272 -346
-274 -347
-274 -343
-273 -337
-273 -341
-273 -335
-273 -333
-273 -333
-274 -329
-275 -327
-274 -324
-275 -325
-273 -319
-276 -319
-275 -318
-275 -317
-273 -314
-275 -313
-272 -306
-273 -309
-273 -307
-275 -301
-274 -302
-274 -301
-272 -300
-274 -296
-273 -296
-273 -294
-275 -293
-274 -290
-271 -288
-273 -285
-277 -282
-273 -282
-269 -279
-273 -279
-272 -273
-274 -273
-275 -273
-272 -272
-273 -270
-276 -272
-268 -270
-272 -269
-281 -262
-278 -269
-277 -261
-273 -255
-275 -250
-276 -262
-269 -265
-273 -253
-268 -251
-281 -245
-269 -245
-275 -245
-280 -252
-280 -240
-274 -254
-271 -243
-280 -233
-280 -243
-274 -234
-279 -241
-271 -235
-269 -240
-273 -228
-278 -224
-282 -232
-280 -225
-274 -237
-270 -223
-275 -226
-266 -220
-280 -210
-275 -218
-280 -220
-269 -213
-278 -222
-275 -216
-275 -213
-275 -210
-278 -216
-276 -210
-270 -214
-267 -204
-274 -205
-275 -202
-276 -204
-272 -199
-276 -202
-274 -200
-271 -197
-273 -193
-277 -193
-274 -194
-270 -191
-273 -191
-278 -191
-274 -189
-275 -187
-273 -184
-276 -185
-276 -182
-275 -182
-274 -179
-277 -178
-276 -179
-273 -177
-274 -175
-276 -175
-275 -174
-271 -171
-274 -170
-276 -172
-275 -170
-273 -171
-272 -166
-274 -165
-275 -164
-273 -162
-274 -160
-276 -161
-274 -160
-274 -158
-274 -156
-276 -158
-274 -157
-276 -156
-275 -151
-274 -154
-275 -152
-275 -150
-274 -147
-274 -150
-273 -147
-276 -146
-273 -147
-275 -144
-276 -143
-274 -144
-271 -141
-275 -142
-274 -140
-273 -139
-273 -136
-275 -134
-274 -136
-275 -134
-274 -132
-277 -133
-274 -130
-276 -128
-272 -128
-275 -125
-274 -127
-277 -126
-271 -122
-275 -125
-274 -122
-275 -120
-274 -117
-276 -121
-274 -117
-273 -117
-274 -115
-275 -114
-274 -113
-275 -116
-272 -113
-274 -110
-276 -109
-275 -109
-274 -107
-276 -107
-275 -105
-273 -105
-273 -106
-275 -102
-275 -102
-272 -102
-273 -100
-274 -98
-274 -98
-275 -97
-277 -96
-275 -96
-274 -95
-274 -95
-274 -92
-273 -92
-275 -92
-276 -89
-272 -90
-276 -90
-275 -88
-273 -86
-273 -82
-274 -84
-277 -83
-275 -84
-276 -83
-272 -81
-274 -80
-274 -78
-275 -76
-277 -77
-276 -80
-273 -76
-272 -74
-276 -73
-276 -72
-276 -72
-275 -73
-276 -74
-272 -69
-271 -67
-275 -64
-279 -67
-275 -66
-274 -69
-275 -65
-274 -64
-276 -61
-277 -59
-274 -59
-277 -57
-273 -59
-274 -55
-276 -56
-275 -56
-276 -56
-274 -53
-271 -56
-274 -50
-274 -50
-279 -54
-274 -52
-274 -49
-273 -45
-278 -47
-277 -49
-277 -47
-271 -46
-268 -48
-274 -39
-267 -38
-277 -42
-275 -44
-272 -39
-275 -42
-273 -37
-267 -37
-273 -36
-272 -36
-272 -35
-269 -34
-276 -37
-271 -32
-272 -27
-273 -29
-274 -27
-272 -28
-269 -27
-274 -24
-271 -21
-275 -26
-274 -23
-272 -22
-273 -19
-274 -20
-272 -18
-275 -21
-271 -16
-276 -23
-275 -14
-276 -15
-273 -14
-271 -15
-274 -11
-274 -10
-271 -13
-277 -11
-273 -9
-273 -10
-273 -8
-276 -8
-275 -7
-273 -5
-272 -6
-276 -5
-275 -2
128 -2
-275 0
125 1
-272 1
-274 3
-273 5
-277 3
-274 4
-274 6
-273 7
-275 5
-274 10
-272 7
-273 9
-279 13
-270 9
-274 9
-273 12
-277 11
-274 16
-275 17
-272 18
-276 19
-274 17
-272 20
-274 18
-276 21
-275 21
-274 23
-271 19
-275 25
-271 29
-278 27
-274 27
-277 31
-272 28
-277 32
-276 36
-277 35
-275 32
-277 30
-275 34
-275 35
-275 36
-276 39
-275 39
-278 38
-277 39
-273 33
-275 38
-269 42
-276 45
-278 40
-275 44
-275 41
-275 45
-271 45
-273 49
-273 52
-276 48
-273 49
-276 53
-272 48
-277 52
-273 55
-277 56
-272 55
-277 57
-277 59
-278 58
-277 58
-274 61
-273 63
-278 65
-272 63
-278 62
-279 63
-277 63
-275 64
-276 68
-276 70
-276 70
-277 69
-278 70
-274 69
-273 69
-271 74
-276 76
-278 74
-276 75
-280 76
-271 77
-275 80
-276 81
-274 81
-276 80
-275 81
-274 82
-277 84
-277 85
-276 85
-274 86
-276 85
-276 88
-277 91
-275 89
-273 92
-274 93
-276 91
-274 94
-276 93
-274 94
-273 95
-275 98
-273 98
-276 100
-277 100
-274 102
-276 102
-276 103
-276 104
-276 105
-274 106
-275 107
-275 107
-275 110
-276 110
-275 112
-275 110
-274 114
-274 113
-274 115
-277 116
-275 116
-276 117
-275 119
-272 122
-274 121
-277 123
-275 125
-276 123
-274 126
-276 123
-276 127
-277 130
-276 129
-278 131
-275 131
-278 133
-274 133
-277 135
-275 136
-276 137
-274 140
-278 140
-277 139
-275 140
-273 145
-279 145
-277 144
-277 144
-275 145
-278 146
-275 148
-275 151
-278 149
-276 152
-275 154
-276 154
-277 154
-276 155
-276 155
-277 158
-276 157
-278 161
-276 159
-275 162
-273 163
-278 165
-275 165
-279 166
-276 165
-276 169
-277 170
-278 172
-276 171
-276 176
-275 173
-275 174
-273 176
-279 178
-275 179
-274 180
-275 182
-276 183
-275 185
-275 187
-275 187
-278 191
-276 189
-274 189
-275 189
-281 191
-274 195
-280 197
-276 198
-277 197
-276 196
-276 197
-268 199
-278 206
-278 207
-278 202
-276 206
-277 203
-274 208
-270 208
-270 211
-277 225
-279 213
-276 205
-269 218
-276 220
-271 222
-278 232
-280 225
-281 228
-272 222
-263 228
-272 238
-275 248
-276 234
-282 228
-278 240
-282 231
-274 240
-274 249
-280 238
-277 257
-274 242
-273 250
-280 242
-279 251
-273 251
-270 253
-277 259
-272 257
-276 257
-274 260
-279 265
-276 265
-278 264
-274 271
-278 269
-271 271
-274 273
-273 275
-274 273
-272 281
-275 278
-275 280
-273 283
-275 284
-277 286
-276 287
-273 288
-272 292
-278 290
-274 293
-273 295
-274 296
-278 298
-277 302
-276 300
-274 306
-276 306
-275 311
-277 311
-275 311
-276 314
-275 317
-277 318
-275 319
-278 322
-276 324
-278 327
-276 329
-275 329
-279 333
-275 334
-275 336
-274 336
-274 343
-277 345
-277 345
-276 347
-277 349
-276 350
-279 353
-277 357
-278 358
-276 359
-275 363
-277 367
-277 371
-276 369
-279 374
-276 375
-277 378
-279 382
-279 381
-279 385
-278 390
-278 390
-278 392
-279 395
-279 396
-278 398
-275 404
-279 404
-278 410
-275 407
-277 416
-279 417
-274 418
-277 421
-274 429
-277 428
-280 430
-276 432
-277 437
-280 439
-276 446
-277 447
-279 451
-278 451
-278 456
-277 457
-277 462
-280 466
-280 469
-276 469
-277 472
-277 477
-279 483
-277 483
-279 487
-279 488
-279 495
-276 497
-275 503
-280 505
-280 508
-277 510
-277 517
-276 521
-277 525
-274 530
-282 534
-279 538
-281 539
-276 543
-278 549
-280 551
-277 558
-276 561
-280 569
-279 571
-278 575
-279 581
-279 583
-279 587
-277 595
-277 599
-280 606
-280 608
-280 612
-276 619
-278 621
-277 629
-280 639
-281 638
-277 642
-277 648
-276 656
-274 662
-276 671
-278 674
-280 681
-279 684
-276 691
-279 699
-279 706
-277 708
-277 718
-278 725
-277 730
-278 736
-279 747
-278 753
-279 757
-278 767
-279 776
-277 781
-280 791
-280 797
-280 807
-281 814
-280 822
-279 831
-280 840
-280 847
-279 856
-279 867
-281 873
-278 883
-280 892
-277 902
-277 911
-280 924
-282 937
-279 942
-283 956
-279 969
-280 979
-280 990
-280 1002
-282 1013
-282 1027
-279 1041
-283 1050
-281 1065
-281 1080
-278 1094
-281 1109
-283 1122
-281 1140
-279 1151
-282 1171
-282 1187
-281 1204
-280 1216
-283 1237
-279 1256
-280 1274
-279 1291
-282 1313
-282 1332
-279 1354
-275 1375
-278 1401
-279 1423
-281 1452
-280 1471
-280 1499
-281 1525
-282 1553
-281 1575
-281 1611
-284 1642
-285 1672
-282 1703
-286 1738
-280 1771
-282 1811
-279 1844
-282 1889
-284 1928
-283 1975
-283 2016
-286 2070
-284 2117
-287 2168
-284 2219
-285 2279
-285 2336
-286 2407
-285 2470
-286 2543
-283 2612
-284 2694
-277 2778
-281 2869
-285 2968
-284 3073
-282 3176
-288 3303
-283 3430
-289 3569
-284 3707
-289 3879
-290 4055
-290 4246
-288 4453
-299 4700
-286 4949
-293 5244
-280 5569
-294 5950
-291 6366
-291 6877
-296 7419
-290 8122
-293 8931
-302 9927
-290 11133
-321 12767
-294 14864
-320 17855
-289 22299
-352 29779
-338 -20927
-919 23698
18747 0
262 -23833
774 20869
830 -29829
815 -22310
861 -17890
822 -14887
826 -12723
807 -11123
806 -9918
827 -8919
833 -8092
814 -7402
834 -6853
820 -6332
823 -5911
815 -5525
820 -5208
822 -4903
820 -4652
817 -4397
816 -4199
814 -3991
818 -3813
815 -3637
816 -3495
816 -3351
816 -3218
813 -3093
814 -2989
811 -2873
816 -2773
811 -2677
807 -2597
807 -2512
808 -2438
805 -2357
808 -2293
803 -2222
806 -2158
805 -2093
807 -2042
807 -1985
804 -1930
801 -1877
801 -1833
799 -1784
803 -1737
797 -1692
797 -1657
796 -1613
797 -1577
794 -1536
794 -1503
794 -1468
791 -1433
788 -1398
789 -1370
785 -1338
788 -1308
783 -1280
783 -1253
781 -1224
782 -1199
780 -1168
777 -1149
775 -1125
772 -1104
773 -1077
770 -1059
771 -1033
771 -1013
767 -988
766 -972
765 -955
765 -934
762 -911
762 -898
758 -878
760 -861
756 -840
754 -828
753 -809
750 -795
751 -775
747 -760
747 -745
747 -733
743 -713
743 -700
743 -684
740 -672
736 -655
735 -646
735 -630
735 -615
727 -602
724 -589
725 -581
721 -569
721 -556
722 -544
719 -532
717 -517
714 -508
712 -497
709 -484
710 -476
708 -465
705 -453
702 -442
700 -432
697 -424
696 -412
693 -404
691 -395
689 -380
686 -375
684 -366
681 -357
680 -346
679 -338
676 -328
676 -316
670 -311
669 -302
667 -296
665 -285
661 -276
658 -269
652 -262
652 -255
650 -250
650 -242
646 -231
645 -221
643 -216
639 -208
636 -202
633 -198
631 -187
630 -182
625 -174
622 -167
620 -162
619 -152
616 -146
615 -143
612 -133
606 -129
606 -120
603 -118
601 -107
599 -102
592 -97
593 -94
591 -82
585 -75
583 -72
580 -64
575 -59
571 -58
573 -52
572 -42
565 -39
564 -31
559 -28
557 -26
554 -19
552 -13
550 -8
546 -2
542 3
542 8
540 11
538 19
532 22
527 29
526 33
526 34
522 40
519 47
514 48
510 55
509 60
504 63
504 66
503 74
496 76
493 83
491 85
486 89
480 95
481 96
478 100
472 106
469 108
466 113
465 116
463 121
459 124
456 125
451 131
447 135
445 136
443 141
439 146
438 148
434 155
430 153
426 159
422 160
420 165
416 168
414 170
409 174
407 177
402 179
401 182
397 187
394 188
390 191
385 196
385 197
381 203
376 203
374 207
368 209
367 212
361 216
359 216
355 220
353 220
350 224
347 224
345 230
340 230
332 235
336 237
333 238
325 240
323 242
322 243
317 247
315 248
310 253
306 253
304 255
300 259
296 263
293 262
289 260
286 266
282 271
281 271
273 272
274 273
269 276
267 278
263 277
264 277
258 286
254 283
248 278
252 281
242 283
235 288
227 287
240 288
238 296
225 293
222 298
216 288
210 301
210 295
214 293
202 293
213 303
200 304
190 297
199 299
186 304
190 301
183 308
186 313
170 307
168 305
175 302
167 305
174 313
159 316
159 313
149 320
140 307
146 314
148 308
137 320
145 315
135 314
130 315
126 317
128 315
121 316
123 323
110 325
110 318
106 319
107 319
101 320
102 320
95 319
90 323
87 319
85 319
82 320
77 324
77 321
75 319
72 321
67 321
63 321
60 321
58 318
54 321
50 320
46 319
46 319
41 320
39 318
36 318
33 318
27 319
25 318
25 317
22 316
18 317
14 318
12 316
8 314
2 314
3 314
0 315
-3 314
-7 311
-10 313
-10 311
-12 310
-15 309
-21 308
-22 309
-24 307
-27 306
-32 307
-33 307
-36 307
-38 303
-41 306
-44 301
-48 300
-50 302
-52 304
-54 299
-57 298
-60 297
-64 297
-68 292
-68 293
-70 291
-73 291
-73 288
-79 288
-83 286
-84 288
-88 283
-90 284
-90 283
-96 284
-95 282
-99 279
-101 277
-105 276
-104 276
-110 273
-111 274
-112 274
-117 269
-119 270
-121 269
-123 267
-126 265
-127 262
-129 261
-133 261
-135 258
-137 257
-139 256
-140 256
-144 249
-146 251
-149 250
-151 248
-154 245
-154 245
-157 242
-156 239
-161 238
-162 237
-163 237
-168 233
-169 232
-170 230
-172 226
-176 228
-176 225
-177 225
-181 221
-183 219
-183 218
-183 214
-187 215
-187 212
-193 210
-194 208
-194 203
-195 201
-195 199
-197 202
-203 197
-206 197
-204 191
-204 190
-204 188
-206 189
-210 189
-213 184
-217 180
-214 176
-213 176
-218 174
-218 176
-218 171
-223 170
-223 165
-222 161
-226 163
-227 158
-229 159
-231 154
-229 153
-233 152
-232 150
-238 145
-238 148
-241 141
-242 138
-236 140
-240 139
-245 135
-246 129
-243 126
-242 128
-244 124
-250 125
-255 124
-250 115
-259 113
-250 113
-252 113
-255 106
-253 109
-257 102
-263 101
-256 98
-261 96
-260 95
-264 92
-257 93
-266 87
-264 81
-263 80
-261 78
-264 76
-268 75
-266 68
-269 67
-266 68
-268 64
-270 61
-267 57
-271 56
-270 51
-269 53
-272 48
-267 51
-270 42
-269 39
-271 40
-275 39
-272 32
-274 29
-274 32
-270 27
-272 24
-274 23
-273 20
-273 18
-273 15
-274 12
-274 12
-272 9
-273 4
129 -1
-271 0
129 0
-274 -4
-275 -10
-274 -12
-272 -12
-274 -16
-275 -18
-274 -20
-274 -21
-274 -28
-276 -27
-275 -31
-269 -38
-275 -35
-274 -37
-272 -40
-270 -41
-270 -46
-271 -49
-271 -52
-269 -56
-271 -56
-273 -60
-270 -58
-269 -64
-267 -66
-268 -69
-270 -68
-267 -74
-266 -79
-263 -80
-262 -80
-260 -86
-266 -85
-261 -90
-258 -95
-261 -95
-260 -94
-257 -95
-256 -98
-257 -103
-255 -106
-255 -111
-254 -110
-252 -112
-252 -115
-256 -114
-252 -117
-256 -124
-247 -126
-247 -124
-245 -129
-248 -128
-245 -133
-249 -136
-243 -139
-244 -143
-240 -141
-241 -145
-234 -149
-242 -148
-234 -151
-237 -156
-229 -155
-234 -158
-228 -160
-227 -163
-225 -163
-227 -164
-227 -170
-224 -174
-218 -175
-225 -177
-218 -176
-214 -179
-217 -180
-219 -184
-213 -187
-211 -192
-207 -191
-207 -191
-205 -192
-209 -196
-206 -196
-208 -203
-200 -204
-198 -204
-196 -206
-194 -207
-196 -213
-192 -215
-189 -214
-189 -217
-185 -217
-186 -221
-184 -221
-181 -224
-178 -226
-178 -228
-176 -229
-175 -231
-171 -233
-168 -236
-167 -235
-167 -240
-166 -243
-163 -241
-159 -244
-159 -244
-157 -245
-155 -250
-150 -249
-151 -253
-146 -253
-146 -254
-142 -257
-141 -258
-139 -261
-136 -262
-133 -263
-132 -265
-129 -265
-126 -266
-123 -270
-121 -269
-119 -273
-118 -272
-112 -275
-115 -274
-111 -277
-109 -278
-105 -279
-105 -279
-101 -282
-98 -286
-96 -287
-94 -285
-90 -287
-88 -287
-86 -290
-87 -289
-80 -291
-75 -296
-75 -293
-72 -295
-71 -296
-68 -297
-67 -300
-63 -300
-59 -301
-56 -301
-54 -304
-50 -301
-48 -303
-47 -305
-43 -309
-40 -306
-36 -307
-35 -309
-32 -310
-28 -309
-28 -309
-25 -313
-20 -310
-18 -314
-16 -313
-12 -317
-9 -314
-9 -316
-5 -317
-1 -317
-1 -318
7 -319
7 -317
11 -320
13 -321
16 -319
19 -319
22 -319
25 -321
26 -320
31 -321
35 -320
38 -321
41 -324
42 -323
46 -323
49 -325
53 -320
56 -322
59 -324
63 -323
64 -322
69 -325
71 -325
74 -325
79 -322
78 -323
81 -325
84 -322
89 -318
92 -324
98 -322
100 -321
102 -322
102 -321
105 -323
110 -328
118 -322
121 -319
119 -317
124 -320
121 -316
129 -321
130 -325
136 -324
151 -320
144 -314
138 -314
149 -323
155 -316
160 -319
170 -314
168 -307
171 -308
165 -314
171 -324
186 -313
196 -312
184 -307
184 -300
196 -303
189 -299
198 -307
211 -305
201 -297
221 -302
210 -300
220 -303
214 -291
224 -293
225 -298
228 -300
239 -291
235 -296
237 -290
242 -288
249 -282
251 -286
253 -281
262 -283
261 -277
263 -284
268 -277
272 -280
274 -273
280 -274
280 -270
283 -268
289 -268
289 -267
292 -262
297 -261
299 -262
304 -260
304 -253
308 -256
314 -254
314 -253
318 -245
325 -245
325 -242
329 -244
331 -238
337 -236
339 -232
340 -231
345 -229
349 -228
353 -222
355 -225
357 -218
362 -217
367 -212
367 -212
371 -208
376 -205
380 -204
381 -202
384 -199
390 -196
393 -191
394 -188
399 -185
401 -183
404 -180
406 -174
410 -174
413 -170
415 -168
419 -166
424 -161
431 -160
429 -155
433 -149
437 -147
440 -145
446 -139
445 -136
448 -133
453 -128
456 -126
458 -120
461 -117
464 -115
466 -112
473 -109
473 -102
480 -98
479 -98
485 -90
487 -85
489 -86
491 -79
499 -74
499 -70
500 -65
504 -63
507 -57
509 -51
518 -50
518 -43
521 -38
522 -35
525 -32
529 -26
533 -20
533 -13
537 -11
540 -7
541 -2
546 4
550 10
551 15
553 20
555 23
560 30
562 33
567 38
567 48
570 51
573 57
578 62
581 68
583 74
588 79
586 90
589 95
589 99
597 103
597 110
598 117
606 120
607 128
611 137
611 142
615 148
618 158
618 161
620 169
626 175
630 183
631 194
629 199
633 204
641 213
637 218
644 226
649 238
646 245
648 248
651 256
657 265
661 275
662 284
662 293
662 300
666 306
669 316
670 327
674 336
674 342
678 351
680 362
682 369
683 377
686 390
689 401
690 405
694 419
695 430
698 439
698 451
700 462
703 471
703 483
706 494
709 504
710 515
711 527
715 537
717 551
715 560
720 574
720 584
725 598
728 609
727 627
728 642
730 649
729 667
735 681
737 692
738 708
741 722
736 739
740 754
745 771
741 784
747 801
749 817
753 834
751 854
752 871
754 889
757 905
756 928
757 947
761 966
763 982
762 1007
766 1028
768 1048
769 1070
766 1095
770 1118
774 1141
778 1164
776 1195
777 1219
779 1250
779 1273
780 1305
779 1333
781 1365
781 1392
784 1430
783 1465
782 1497
785 1531
783 1570
789 1606
789 1647
793 1686
793 1732
789 1776
791 1826
793 1869
792 1928
794 1977
792 2031
797 2085
794 2149
795 2210
797 2283
798 2350
797 2426
800 2499
800 2583
810 2671
805 2765
801 2868
803 2975
804 3084
801 3213
805 3343
799 3486
806 3626
800 3803
801 3980
800 4176
803 4387
794 4636
805 4889
800 5186
813 5516
798 5901
801 6319
801 6833
797 7379
806 8084
802 8897
793 9898
804 11107
774 12745
800 14844
775 17839
807 22286
743 29769
756 -20933
178 23694
