0
0
0
0
0
0
0
1
1
2
3
4
6
8
10
12
15
18
21
25
29
34
39
45
51
58
65
73
81
90
99
109
120
131
144
156
170
184
199
215
231
249
267
286
305
326
347
369
392
416
441
466
493
520
549
578
609
639
672
704
738
773
809
845
883
921
961
1002
1043
1085
1128
1172
1218
1263
1311
1359
1408
1457
1507
1559
1611
1664
1718
1773
1829
1885
1942
2000
2059
2118
2179
2240
2302
2364
2428
2491
2555
2621
2686
2752
2819
2886
2953
3022
3090
3160
3229
3300
3369
3440
3511
3582
3654
3725
3798
3870
3941
4014
4087
4159
4231
4304
4376
4448
4520
4592
4664
4736
4808
4878
4949
5019
5089
5159
5228
5297
5365
5432
5499
5565
5631
5695
5760
5822
5885
5947
6008
6067
6126
6183
6240
6295
6350
6403
6455
6505
6555
6603
6650
6695
6739
6782
6822
6861
6899
6935
6969
7002
7033
7062
7089
7115
7138
7160
7180
7197
7213
7227
7238
7248
7255
7260
7263
7263
7262
7258
7252
7244
7232
7219
7203
7185
7164
7140
7114
7086
7054
7020
6985
6945
6904
6859
6812
6762
6709
6654
6596
6534
6471
6404
6334
6261
6186
6108
6027
5943
5856
5766
5673
5577
5479
5377
5273
5165
5054
4941
4825
4705
4583
4457
4329
4198
4064
3927
3787
3645
3499
3350
3198
3044
2887
2727
2564
2398
2230
2059
1885
1709
1529
1347
1162
975
785
592
397
200
0
-202
-407
-615
-825
-1036
-1251
-1468
-1687
-1908
-2131
-2357
-2584
-2814
-3045
-3279
-3515
-3752
-3991
-4232
-4474
-4718
-4964
-5212
-5461
-5712
-5964
-6217
-6472
-6728
-6986
-7244
-7503
-7764
-8026
-8288
-8552
-8816
-9080
-9346
-9613
-9880
-10147
-10415
-10684
-10952
-11221
-11491
-11760
-12030
-12300
-12569
-12838
-13107
-13376
-13645
-13913
-14181
-14449
-14715
-14981
-15247
-15512
-15776
-16039
-16301
-16561
-16822
-17081
-17338
-17594
-17848
-18102
-18354
-18604
-18853
-19100
-19344
-19588
-19829
-20068
-20305
-20540
-20773
-21004
-21233
-21458
-21682
-21903
-22121
-22337
-22550
-22760
-22968
-23172
-23374
-23572
-23768
-23960
-24149
-24336
-24518
-24697
-24872
-25044
-25213
-25379
-25540
-25698
-25851
-26002
-26148
-26290
-26428
-26563
-26693
-26819
-26941
-27060
-27173
-27281
-27386
-27487
-27583
-27675
-27762
-27844
-27923
-27996
-28065
-28128
-28188
-28242
-28291
-28336
-28376
-28412
-28442
-28467
-28488
-28502
-28514
-28520
-28519
-28515
-28505
-28490
-28470
-28446
-28415
-28380
-28339
-28294
-28243
-28187
-28127
-28061
-27989
-27912
-27830
-27743
-27651
-27554
-27451
-27343
-27230
-27112
-26990
-26861
-26728
-26589
-26447
-26297
-26143
-25985
-25822
-25653
-25479
-25301
-25118
-24930
-24736
-24539
-24335
-24127
-23915
-23698
-23477
-23251
-23020
-22784
-22544
-22300
-22052
-21798
-21540
-21279
-21012
-20743
-20467
-20189
-19907
-19620
-19330
-19035
-18737
-18436
-18129
-17820
-17507
-17190
-16870
-16547
-16220
-15890
-15557
-15220
-14880
-14537
-14192
-13844
-13493
-13139
-12782
-12422
-12060
-11696
-11330
-10960
-10588
-10215
-9840
-9462
-9082
-8701
-8318
-7933
-7546
-7158
-6768
-6378
-5986
-5592
-5197
-4802
-4405
-4007
-3609
-3210
-2809
-2409
-2008
-1607
-1205
-804
-402
0
402
803
1205
1607
2008
2409
2809
3209
3609
4006
4404
4801
5196
5591
5984
6376
6766
7155
7544
7930
8314
8697
9078
9458
9835
10210
10583
10955
11323
11690
12053
12415
12774
13131
13483
13835
14182
14527
14869
15208
15545
15877
16206
16533
16855
17175
17492
17803
18112
18418
18719
19016
19310
19600
19886
20167
20445
20720
20988
21254
21515
21772
22025
22273
22516
22755
22990
23220
23446
23666
23882
24094
24301
24504
24701
24894
25080
25263
25440
25614
25782
25944
26102
26255
26403
26546
26683
26816
26943
27065
27183
27295
27402
27504
27600
27692
27777
27858
27935
28006
28071
28131
28187
28237
28281
28321
28356
28386
28409
28429
28444
28452
28456
28456
28449
28438
28422
28402
28375
28344
28309
28268
28222
28173
28118
28058
27994
27925
27851
27772
27689
27603
27509
27413
27312
27208
27098
26984
26866
26744
26617
26487
26352
26214
26072
25925
25774
25621
25463
25301
25136
24967
24795
24620
24441
24258
24072
23883
23690
23495
23297
23095
22891
22683
22474
22260
22045
21827
21606
21383
21157
20929
20698
20466
20231
19995
19756
19515
19272
19028
18780
18533
18283
18031
17779
17524
17269
17013
16754
16495
16234
15973
15711
15447
15183
14919
14653
14387
14120
13853
13586
13317
13050
12781
12513
12244
11975
11706
11438
11170
10901
10634
10366
10100
9833
9567
9301
9036
8773
8510
8247
7986
7725
7465
7207
6950
6694
6439
6185
5933
5682
5433
5184
4938
4693
4450
4209
3969
3731
3495
3261
3028
2798
2570
2343
2119
1897
1677
1459
1243
1030
820
611
405
201
0
-198
-395
-589
-780
-969
-1155
-1338
-1519
-1697
-1873
-2046
-2215
-2383
-2547
-2709
-2868
-3023
-3177
-3327
-3475
-3619
-3761
-3900
-4035
-4168
-4298
-4425
-4550
-4671
-4789
-4904
-5017
-5126
-5233
-5336
-5437
-5534
-5629
-5721
-5810
-5896
-5979
-6059
-6136
-6211
-6282
-6352
-6417
-6480
-6540
-6598
-6652
-6704
-6753
-6800
-6843
-6884
-6923
-6958
-6992
-7022
-7050
-7076
-7098
-7118
-7136
-7151
-7165
-7175
-7182
-7188
-7192
-7193
-7192
-7188
-7183
-7175
-7166
-7154
-7139
-7124
-7105
-7085
-7064
-7039
-7014
-6986
-6957
-6926
-6892
-6858
-6822
-6785
-6745
-6705
-6662
-6618
-6572
-6525
-6477
-6429
-6377
-6326
-6272
-6218
-6163
-6107
-6049
-5991
-5931
-5870
-5809
-5747
-5684
-5620
-5556
-5490
-5424
-5358
-5291
-5223
-5154
-5086
-5017
-4947
-4877
-4807
-4737
-4665
-4594
-4522
-4451
-4379
-4308
-4236
-4164
-4092
-4020
-3948
-3877
-3806
-3734
-3663
-3591
-3521
-3450
-3379
-3310
-3240
-3171
-3102
-3034
-2965
-2898
-2831
-2765
-2698
-2633
-2568
-2504
-2441
-2377
-2315
-2253
-2192
-2132
-2072
-2014
-1956
-1898
-1842
-1786
-1731
-1677
-1624
-1572
-1520
-1470
-1420
-1371
-1323
-1276
-1230
-1185
-1140
-1097
-1054
-1013
-972
-932
-894
-856
-819
-784
-748
-714
-681
-649
-618
-587
-558
-529
-501
-474
-449
-423
-399
-376
-354
-332
-312
-292
-272
-254
-237
-220
-204
-189
-175
-161
-148
-135
-124
-113
-102
-93
-84
-75
-67
-60
-53
-47
-41
-36
-31
-26
-23
-19
-16
-13
-11
-8
-6
-5
-4
-3
-2
-1
0
0
0
0
0
0
0
0
0
0
0
0
0
0
1
1
2
3
4
6
8
10
12
15
18
21
25
29
34
39
45
51
58
65
73
81
90
99
109
120
131
144
156
170
184
199
215
231
249
267
286
305
326
347
369
392
416
441
466
493
520
549
578
609
639
672
704
738
773
809
845
883
921
961
1002
1043
1085
1128
1172
1218
1263
1311
1359
1408
1457
1507
1559
1611
1664
1718
1773
1829
1885
1942
2000
2059
2118
2179
2240
2302
2364
2428
2491
2555
2621
2686
2752
2819
2886
2953
3022
3090
3160
3229
3300
3369
3440
3511
3582
3654
3725
3798
3870
3941
4014
4087
4159
4231
4304
4376
4448
4520
4592
4664
4736
4808
4878
4949
5019
5089
5159
5228
5297
5365
5432
5499
5565
5631
5695
5760
5822
5885
5947
6008
6067
6126
6183
6240
6295
6350
6403
6455
6505
6555
6603
6650
6695
6739
6782
6822
6861
6899
6935
6969
7002
7033
7062
7089
7115
7138
7160
7180
7197
7213
7227
7238
7248
7255
7260
7263
7263
7262
7258
7252
7244
7232
7219
7203
7185
7164
7140
7114
7086
7054
7020
6985
6945
6904
6859
6812
6762
6709
6654
6596
6534
6471
6404
6334
6261
6186
6108
6027
5943
5856
5766
5673
5577
5479
5377
5273
5165
5054
4941
4825
4705
4583
4457
4329
4198
4064
3927
3787
3645
3499
3350
3198
3044
2887
2727
2564
2398
2230
2059
1885
1709
1529
1347
1162
975
785
592
397
200
0
-202
-407
-615
-825
-1036
-1251
-1468
-1687
-1908
-2131
-2357
-2584
-2814
-3045
-3279
-3515
-3752
-3991
-4232
-4474
-4718
-4964
-5212
-5461
-5712
-5964
-6217
-6472
-6728
-6986
-7244
-7503
-7764
-8026
-8288
-8552
-8816
-9080
-9346
-9613
-9880
-10147
-10415
-10684
-10952
-11221
-11491
-11760
-12030
-12300
-12569
-12838
-13107
-13376
-13645
-13913
-14181
-14449
-14715
-14981
-15247
-15512
-15776
-16039
-16301
-16561
-16822
-17081
-17338
-17594
-17848
-18102
-18354
-18604
-18853
-19100
-19344
-19588
-19829
-20068
-20305
-20540
-20773
-21004
-21233
-21458
-21682
-21903
-22121
-22337
-22550
-22760
-22968
-23172
-23374
-23572
-23768
-23960
-24149
-24336
-24518
-24697
-24872
-25044
-25213
-25379
-25540
-25698
-25851
-26002
-26148
-26290
-26428
-26563
-26693
-26819
-26941
-27060
-27173
-27281
-27386
-27487
-27583
-27675
-27762
-27844
-27923
-27996
-28065
-28128
-28188
-28242
-28291
-28336
-28376
-28412
-28442
-28467
-28488
-28502
-28514
-28520
-28519
-28515
-28505
-28490
-28470
-28446
-28415
-28380
-28339
-28294
-28243
-28187
-28127
-28061
-27989
-27912
-27830
-27743
-27651
-27554
-27451
-27343
-27230
-27112
-26990
-26861
-26728
-26589
-26447
-26297
-26143
-25985
-25822
-25653
-25479
-25301
-25118
-24930
-24736
-24539
-24335
-24127
-23915
-23698
-23477
-23251
-23020
-22784
-22544
-22300
-22052
-21798
-21540
-21279
-21012
-20743
-20467
-20189
-19907
-19620
-19330
-19035
-18737
-18436
-18129
-17820
-17507
-17190
-16870
-16547
-16220
-15890
-15557
-15220
-14880
-14537
-14192
-13844
-13493
-13139
-12782
-12422
-12060
-11696
-11330
-10960
-10588
-10215
-9840
-9462
-9082
-8701
-8318
-7933
-7546
-7158
-6768
-6378
-5986
-5592
-5197
-4802
-4405
-4007
-3609
-3210
-2809
-2409
-2008
-1607
-1205
-804
-402
0
402
803
1205
1607
2008
2409
2809
3209
3609
4006
4404
4801
5196
5591
5984
6376
6766
7155
7544
7930
8314
8697
9078
9458
9835
10210
10583
10955
11323
11690
12053
12415
12774
13131
13483
13835
14182
14527
14869
15208
15545
15877
16206
16533
16855
17175
17492
17803
18112
18418
18719
19016
19310
19600
19886
20167
20445
20720
20988
21254
21515
21772
22025
22273
22516
22755
22990
23220
23446
23666
23882
24094
24301
24504
24701
24894
25080
25263
25440
25614
25782
25944
26102
26255
26403
26546
26683
26816
26943
27065
27183
27295
27402
27504
27600
27692
27777
27858
27935
28006
28071
28131
28187
28237
28281
28321
28356
28386
28409
28429
28444
28452
28456
28456
28449
28438
28422
28402
28375
28344
28309
28268
28222
28173
28118
28058
27994
27925
27851
27772
27689
27603
27509
27413
27312
27208
27098
26984
26866
26744
26617
26487
26352
26214
26072
25925
25774
25621
25463
25301
25136
24967
24795
24620
24441
24258
24072
23883
23690
23495
23297
23095
22891
22683
22474
22260
22045
21827
21606
21383
21157
20929
20698
20466
20231
19995
19756
19515
19272
19028
18780
18533
18283
18031
17779
17524
17269
17013
16754
16495
16234
15973
15711
15447
15183
14919
14653
14387
14120
13853
13586
13317
13050
12781
12513
12244
11975
11706
11438
11170
10901
10634
10366
10100
9833
9567
9301
9036
8773
8510
8247
7986
7725
7465
7207
6950
6694
6439
6185
5933
5682
5433
5184
4938
4693
4450
4209
3969
3731
3495
3261
3028
2798
2570
2343
2119
1897
1677
1459
1243
1030
820
611
405
201
0
-198
-395
-589
-780
-969
-1155
-1338
-1519
-1697
-1873
-2046
-2215
-2383
-2547
-2709
-2868
-3023
-3177
-3327
-3475
-3619
-3761
-3900
-4035
-4168
-4298
-4425
-4550
-4671
-4789
-4904
-5017
-5126
-5233
-5336
-5437
-5534
-5629
-5721
-5810
-5896
-5979
-6059
-6136
-6211
-6282
-6352
-6417
-6480
-6540
-6598
-6652
-6704
-6753
-6800
-6843
-6884
-6923
-6958
-6992
-7022
-7050
-7076
-7098
-7118
-7136
-7151
-7165
-7175
-7182
-7188
-7192
-7193
-7192
-7188
-7183
-7175
-7166
-7154
-7139
-7124
-7105
-7085
-7064
-7039
-7014
-6986
-6957
-6926
-6892
-6858
-6822
-6785
-6745
-6705
-6662
-6618
-6572
-6525
-6477
-6429
-6377
-6326
-6272
-6218
-6163
-6107
-6049
-5991
-5931
-5870
-5809
-5747
-5684
-5620
-5556
-5490
-5424
-5358
-5291
-5223
-5154
-5086
-5017
-4947
-4877
-4807
-4737
-4665
-4594
-4522
-4451
-4379
-4308
-4236
-4164
-4092
-4020
-3948
-3877
-3806
-3734
-3663
-3591
-3521
-3450
-3379
-3310
-3240
-3171
-3102
-3034
-2965
-2898
-2831
-2765
-2698
-2633
-2568
-2504
-2441
-2377
-2315
-2253
-2192
-2132
-2072
-2014
-1956
-1898
-1842
-1786
-1731
-1677
-1624
-1572
-1520
-1470
-1420
-1371
-1323
-1276
-1230
-1185
-1140
-1097
-1054
-1013
-972
-932
-894
-856
-819
-784
-748
-714
-681
-649
-618
-587
-558
-529
-501
-474
-449
-423
-399
-376
-354
-332
-312
-292
-272
-254
-237
-220
-204
-189
-175
-161
-148
-135
-124
-113
-102
-93
-84
-75
-67
-60
-53
-47
-41
-36
-31
-26
-23
-19
-16
-13
-11
-8
-6
-5
-4
-3
-2
-1
0
0
0
0
0
0
0
0
0
0
0
0
0
0
1
1
2
3
4
6
8
10
12
15
18
21
25
29
34
39
45
51
58
65
73
81
90
99
109
120
131
144
156
170
184
199
215
231
249
267
286
305
326
347
369
392
416
441
466
493
520
549
578
609
639
672
704
738
773
809
845
883
921
961
1002
1043
1085
1128
1172
1218
1263
1311
1359
1408
1457
1507
1559
1611
1664
1718
1773
1829
1885
1942
2000
2059
2118
2179
2240
2302
2364
2428
2491
2555
2621
2686
2752
2819
2886
2953
3022
3090
3160
3229
3300
3369
3440
3511
3582
3654
3725
3798
3870
3941
4014
4087
4159
4231
4304
4376
4448
4520
4592
4664
4736
4808
4878
4949
5019
5089
5159
5228
5297
5365
5432
5499
5565
5631
5695
5760
5822
5885
5947
6008
6067
6126
6183
6240
6295
6350
6403
6455
6505
6555
6603
6650
6695
6739
6782
6822
6861
6899
6935
6969
7002
7033
7062
7089
7115
7138
7160
7180
7197
7213
7227
7238
7248
7255
7260
7263
7263
7262
7258
7252
7244
7232
7219
7203
7185
7164
7140
7114
7086
7054
7020
6985
6945
6904
6859
6812
6762
6709
6654
6596
6534
6471
6404
6334
6261
6186
6108
6027
5943
5856
5766
5673
5577
5479
5377
5273
5165
5054
4941
4825
4705
4583
4457
4329
4198
4064
3927
3787
3645
3499
3350
3198
3044
2887
2727
2564
2398
2230
2059
1885
1709
1529
1347
1162
975
785
592
397
200
0
-202
-407
-615
-825
-1036
-1251
-1468
-1687
-1908
-2131
-2357
-2584
-2814
-3045
-3279
-3515
-3752
-3991
-4232
-4474
-4718
-4964
-5212
-5461
-5712
-5964
-6217
-6472
-6728
-6986
-7244
-7503
-7764
-8026
-8288
-8552
-8816
-9080
-9346
-9613
-9880
-10147
-10415
-10684
-10952
-11221
-11491
-11760
-12030
-12300
-12569
-12838
-13107
-13376
-13645
-13913
-14181
-14449
-14715
-14981
-15247
-15512
-15776
-16039
-16301
-16561
-16822
-17081
-17338
-17594
-17848
-18102
-18354
-18604
-18853
-19100
-19344
-19588
-19829
-20068
-20305
-20540
-20773
-21004
-21233
-21458
-21682
-21903
-22121
-22337
-22550
-22760
-22968
-23172
-23374
-23572
-23768
-23960
-24149
-24336
-24518
-24697
-24872
-25044
-25213
-25379
-25540
-25698
-25851
-26002
-26148
-26290
-26428
-26563
-26693
-26819
-26941
-27060
-27173
-27281
-27386
-27487
-27583
-27675
-27762
-27844
-27923
-27996
-28065
-28128
-28188
-28242
-28291
-28336
-28376
-28412
-28442
-28467
-28488
-28502
-28514
-28520
-28519
-28515
-28505
-28490
-28470
-28446
-28415
-28380
-28339
-28294
-28243
-28187
-28127
-28061
-27989
-27912
-27830
-27743
-27651
-27554
-27451
-27343
-27230
-27112
-26990
-26861
-26728
-26589
-26447
-26297
-26143
-25985
-25822
-25653
-25479
-25301
-25118
-24930
-24736
-24539
-24335
-24127
-23915
-23698
-23477
-23251
-23020
-22784
-22544
-22300
-22052
-21798
-21540
-21279
-21012
-20743
-20467
-20189
-19907
-19620
-19330
-19035
-18737
-18436
-18129
-17820
-17507
-17190
-16870
-16547
-16220
-15890
-15557
-15220
-14880
-14537
-14192
-13844
-13493
-13139
-12782
-12422
-12060
-11696
-11330
-10960
-10588
-10215
-9840
-9462
-9082
-8701
-8318
-7933
-7546
-7158
-6768
-6378
-5986
-5592
-5197
-4802
-4405
-4007
-3609
-3210
-2809
-2409
-2008
-1607
-1205
-804
-402
0
402
803
1205
1607
2008
2409
2809
3209
3609
4006
4404
4801
5196
5591
5984
6376
6766
7155
7544
7930
8314
8697
9078
9458
9835
10210
10583
10955
11323
11690
12053
12415
12774
13131
13483
13835
14182
14527
14869
15208
15545
15877
16206
16533
16855
17175
17492
17803
18112
18418
18719
19016
19310
19600
19886
20167
20445
20720
20988
21254
21515
21772
22025
22273
22516
22755
22990
23220
23446
23666
23882
24094
24301
24504
24701
24894
25080
25263
25440
25614
25782
25944
26102
26255
26403
26546
26683
26816
26943
27065
27183
27295
27402
27504
27600
27692
27777
27858
27935
28006
28071
28131
28187
28237
28281
28321
28356
28386
28409
28429
28444
28452
28456
28456
28449
28438
28422
28402
28375
28344
28309
28268
28222
28173
28118
28058
27994
27925
27851
27772
27689
27603
27509
27413
27312
27208
27098
26984
26866
26744
26617
26487
26352
26214
26072
25925
25774
25621
25463
25301
25136
24967
24795
24620
24441
24258
24072
23883
23690
23495
23297
23095
22891
22683
22474
22260
22045
21827
21606
21383
21157
20929
20698
20466
20231
19995
19756
19515
19272
19028
18780
18533
18283
18031
17779
17524
17269
17013
16754
16495
16234
15973
15711
15447
15183
14919
14653
14387
14120
13853
13586
13317
13050
12781
12513
12244
11975
11706
11438
11170
10901
10634
10366
10100
9833
9567
9301
9036
8773
8510
8247
7986
7725
7465
7207
6950
6694
6439
6185
5933
5682
5433
5184
4938
4693
4450
4209
3969
3731
3495
3261
3028
2798
2570
2343
2119
1897
1677
1459
1243
1030
820
611
405
201
0
-198
-395
-589
-780
-969
-1155
-1338
-1519
-1697
-1873
-2046
-2215
-2383
-2547
-2709
-2868
-3023
-3177
-3327
-3475
-3619
-3761
-3900
-4035
-4168
-4298
-4425
-4550
-4671
-4789
-4904
-5017
-5126
-5233
-5336
-5437
-5534
-5629
-5721
-5810
-5896
-5979
-6059
-6136
-6211
-6282
-6352
-6417
-6480
-6540
-6598
-6652
-6704
-6753
-6800
-6843
-6884
-6923
-6958
-6992
-7022
-7050
-7076
-7098
-7118
-7136
-7151
-7165
-7175
-7182
-7188
-7192
-7193
-7192
-7188
-7183
-7175
-7166
-7154
-7139
-7124
-7105
-7085
-7064
-7039
-7014
-6986
-6957
-6926
-6892
-6858
-6822
-6785
-6745
-6705
-6662
-6618
-6572
-6525
-6477
-6429
-6377
-6326
-6272
-6218
-6163
-6107
-6049
-5991
-5931
-5870
-5809
-5747
-5684
-5620
-5556
-5490
-5424
-5358
-5291
-5223
-5154
-5086
-5017
-4947
-4877
-4807
-4737
-4665
-4594
-4522
-4451
-4379
-4308
-4236
-4164
-4092
-4020
-3948
-3877
-3806
-3734
-3663
-3591
-3521
-3450
-3379
-3310
-3240
-3171
-3102
-3034
-2965
-2898
-2831
-2765
-2698
-2633
-2568
-2504
-2441
-2377
-2315
-2253
-2192
-2132
-2072
-2014
-1956
-1898
-1842
-1786
-1731
-1677
-1624
-1572
-1520
-1470
-1420
-1371
-1323
-1276
-1230
-1185
-1140
-1097
-1054
-1013
-972
-932
-894
-856
-819
-784
-748
-714
-681
-649
-618
-587
-558
-529
-501
-474
-449
-423
-399
-376
-354
-332
-312
-292
-272
-254
-237
-220
-204
-189
-175
-161
-148
-135
-124
-113
-102
-93
-84
-75
-67
-60
-53
-47
-41
-36
-31
-26
-23
-19
-16
-13
-11
-8
-6
-5
-4
-3
-2
-1
0
0
0
0
0
0
0
0
0
0
